2012682at2	0	9	87
1827295at2	0	7	67
932854at2	0	127	423
1080436at2	0	7	261
1842956at2	0	9	67
533698at2	0	8	288
1937493at2	0	36	174
1713391at2	0	10	96
232152at2	0	28	281
1567535at2	0	30	300
923547at2	0	7	308
1093223at2	0	15	347
761140at2	0	30	297
1505038at2	0	15	148
984717at2	0	22	218
1671455at2	0	2	165
1844275at2	0	18	181
1054741at2	0	9	327
1990650at2	0	2	81
1720952at2	0	14	142
1786618at2	0	2	102
182107at2	0	7	491
353391at2	0	32	322
1937072at2	0	7	69
143460at2	0	44	439
1846503at2	0	11	107
226836at2	0	6	471
981870at2	0	9	267
1211060at2	0	16	164
1592033at2	0	37	370
1151822at2	0	25	254
1940575at2	0	5	48
1701531at2	0	8	152
1043239at2	0	6	152
1266295at2	0	6	246
1904463at2	0	1	67
9601at2	0	33	814
665824at2	0	86	475
1504821at2	0	15	220
91428at2	0	44	544
219876at2	0	20	262
2075502at2	0	12	58
267682at2	0	16	281
841869at2	0	14	187
2005443at2	0	6	64
1707228at2	0	10	101
1990141at2	0	1	66
932993at2	0	43	228
1963491at2	0	10	102
1932144at2	0	2	92
1822215at2	0	1	112
1978865at2	0	9	91
1758685at2	0	20	65
384865at2	0	10	186
2063644at2	0	4	36
2040741at2	0	5	53
837522at2	0	3	408
1661836at2	0	5	148
1949059at2	0	2	100
1822695at2	0	9	89
1419877at2	0	6	258
1346419at2	0	29	288
1893906at2	0	1	71
1491686at2	0	2	129
1502854at2	0	4	185
504464at2	0	6	233
95696at2	0	11	478
4421at2	0	113	1134
223233at2	0	30	445
1702697at2	0	1	105
2046660at2	0	3	31
1009041at2	0	9	212
1776954at2	0	2	69
1166299at2	0	13	127
1595498at2	0	5	40
1874945at2	0	8	81
776861at2	0	60	214
961486at2	0	11	176
1674344at2	0	13	134
505485at2	0	23	234
1590629at2	0	14	81
1959318at2	0	12	94
2035880at2	0	1	56
1971380at2	0	6	118
1760144at2	0	6	87
1574817at2	0	13	143
1827334at2	0	9	88
1890943at2	0	14	91
1490892at2	0	21	89
1766414at2	0	1	98
1270636at2	0	16	158
1470978at2	0	4	106
1036075at2	0	37	312
1456375at2	0	14	141
1398618at2	0	13	130
402899at2	0	11	288
2066663at2	0	3	54
1572673at2	0	12	99
1666043at2	0	2	85
1395197at2	0	20	154
1497415at2	0	17	58
462069at2	0	18	215
1074831at2	0	39	386
1698718at2	0	9	88
1623045at2	0	19	187
1906715at2	0	8	75
26038at2	0	34	393
469058at2	0	4	292
1692188at2	0	13	130
1272633at2	0	16	156
1676462at2	0	8	113
1772647at2	0	10	100
874197at2	0	4	272
1257362at2	0	6	235
1069591at2	0	18	183
1132353at2	0	16	161
430176at2	0	3	361
1024388at2	0	8	307
1540940at2	0	1	133
662686at2	0	23	227
1799923at2	0	1	103
1838961at2	0	8	83
1830156at2	0	7	74
1049662at2	0	43	431
261328at2759	0	63	417
1259741at2759	0	34	222
1291729at2759	0	16	106
1309031at2759	0	32	342
674160at2759	0	195	988
293315at2759	0	33	609
551907at2759	0	43	341
1530008at2759	0	2	86
692986at2759	0	72	380
1442062at2759	0	36	198
869548at2759	0	22	188
1339553at2759	0	46	252
1096688at2759	0	16	209
1370285at2759	0	85	388
396755at2759	0	102	634
543764at2759	0	32	235
1247641at2759	0	37	180
768809at2759	0	33	233
1428854at2759	0	98	355
1432328at2759	0	18	180
160593at2759	0	185	1254
87842at2759	0	108	594
974865at2759	0	8	226
834694at2759	0	61	317
1025450at2759	0	38	291
392369at2759	0	35	352
858842at2759	0	53	236
1161199at2759	0	26	165
1079130at2759	0	30	242
345441at2759	0	52	369
911863at2759	0	31	196
426305at2759	0	88	481
1558822at2759	0	4	66
1441854at2759	0	44	209
1085752at2759	0	39	230
1545004at2759	0	6	69
1440961at2759	0	17	172
1138059at2759	0	21	209
734666at2759	0	32	366
1398309at2759	0	12	100
320059at2759	0	65	430
299766at2759	0	63	441
1358374at2759	0	26	213
1459797at2759	0	9	94
1323575at2759	0	6	112
734341at2759	0	24	162
1575179at2759	0	7	52
976469at2759	0	23	233
491869at2759	0	33	244
917326at2759	0	62	423
1094121at2759	0	13	127
1322642at2759	0	10	153
777920at2759	0	43	339
1275837at2759	0	10	243
1342242at2759	0	28	178
1041560at2759	0	44	261
1346165at2759	0	34	257
1620056at2759	0	11	82
97116at2759	0	182	897
1405073at2759	0	8	157
673132at2759	0	39	266
671846at2759	0	63	381
1576404at2759	0	16	143
296129at2759	0	128	694
1128607at2759	0	27	249
324863at2759	0	102	534
1312453at2759	0	137	638
855834at2759	0	54	306
166920at2759	0	140	732
1348942at2759	0	25	186
1404162at2759	0	29	191
245208at2759	0	118	854
1220881at2759	0	21	148
866359at2759	0	32	258
1197019at2759	0	15	148
973442at2759	0	29	183
176625at2759	0	84	450
1018517at2759	0	25	202
774318at2759	0	50	274
1405146at2759	0	22	133
1426075at2759	0	11	96
418107at2759	0	51	357
142542at2759	0	80	648
865202at2759	0	14	192
801857at2759	0	23	213
937275at2759	0	14	91
570797at2759	0	90	440
931188at2759	0	65	324
1014314at2759	0	23	208
1567796at2759	0	12	129
1407446at2759	0	15	94
720340at2759	0	48	224
1474000at2759	0	24	136
719531at2759	0	47	277
1380409at2759	0	15	141
1379600at2759	0	78	483
1182451at2759	0	19	154
1525971at2759	0	3	79
956854at2759	0	24	173
1377237at2759	0	15	137
1626636at2759	0	9	127
939345at2759	0	13	113
604979at2759	0	32	279
1106766at2759	0	34	198
1645187at2759	0	5	45
1030907at2759	0	32	271
598949at2759	0	41	402
1260807at2759	0	29	215
1504863at2759	0	21	132
655400at2759	0	41	271
1588798at2759	0	30	118
1445102at2759	0	7	190
1065019at2759	0	26	252
1053181at2759	0	27	157
1287401at2759	0	19	156
946128at2759	0	74	439
721605at2759	0	28	243
1488235at2759	0	16	135
330169at2759	0	48	312
1157302at2759	0	21	198
1370304at2759	0	108	420
924753at2759	0	28	218
679187at2759	0	43	418
1249159at2759	0	19	150
1266231at2759	0	23	181
1236198at2759	0	7	123
1076134at2759	0	15	183
1513531at2759	0	27	199
1032689at2759	0	14	154
1108845at2759	0	21	322
898782at2759	0	49	268
674169at2759	0	47	244
1526152at2759	0	3	84
679771at2759	0	28	169
759498at2759	0	52	413
736068at2759	0	40	308
1257440at2759	0	14	129
1454155at2759	0	20	98
341721at2759	0	52	387
331411at2759	0	63	383
1178688at2759	0	18	138
270107at2759	0	90	604
1269649at2759	0	6	165
1490022at2759	0	13	167
1233814at2759	0	18	151
1623701at2759	0	10	91
918816at2759	0	35	214
261419at2759	0	100	415
1173229at2759	0	24	194
290630at2759	0	73	562
1284731at2759	0	11	128
39650at2759	0	293	1381
975557at2759	0	87	466
761109at2759	0	75	371
1338131at2759	0	10	138
450058at2759	0	45	262
1395649at2759	0	14	119
944899at2759	0	30	230
996662at2759	0	30	207
1129824at2759	0	14	131
891751at2759	0	42	221
457861at2759	0	19	145
388820at2759	0	110	581
1430056at2759	0	14	118
1228942at2759	0	6	162
464990at2759	0	64	358
1107630at2759	0	25	205
621827at2759	0	54	330
814241at2759	0	45	308
83779at2759	0	41	229
369837at2759	0	52	377
919955at2759	0	28	258
582756at2759	0	51	343
625387at2759	0	77	333
708105at2759	0	30	203
722805at2759	0	49	402
923657at2759	0	19	169
1057950at2759	0	30	219
1364586at2759	0	16	144
1051021at2759	0	37	318
1304061at2759	0	14	132
100698at2759	0	79	481
1194691at2759	0	9	276
1287094at2759	0	14	126
1001705at2759	0	40	254
981902at2759	0	27	210
878143at2759	0	41	313
1049599at2759	0	62	340
1200489at2759	0	15	115
1593937at2759	0	35	148
257318at2759	0	48	297
1421503at2759	0	4	109
1269244at2759	0	16	121
1322299at2759	0	42	334
1111142at2759	0	36	283
1087488at2759	0	31	286
325552at2759	0	71	426
901894at2759	0	54	325
687505at2759	0	27	225
1115196at2759	0	43	266
1314980at2759	0	88	489
306227at2759	0	83	479
844748at2759	0	44	349
836599at2759	0	38	314
375960at2759	0	53	336
549762at2759	0	88	404
1010730at2759	0	24	260
1194797at2759	0	55	427
1217666at2759	0	24	173
1090038at2759	0	18	132
179362at2759	0	268	938
937686at2759	0	20	336
1633672at2759	0	1	83
1112002at2759	0	110	506
1617752at2759	0	7	92
355408at2759	0	95	523
1450538at2759	0	16	149
1423847at2759	0	43	255
513979at2759	0	36	225
156083at2759	0	365	1846
1346432at2759	0	28	143
1479417at2759	0	35	177
905026at2759	0	85	397
779909at2759	0	25	227
751335at2759	0	47	268
1248958at2759	0	85	595
1538526at2759	0	7	102
975158at2759	0	35	269
390348at2759	0	139	703
1003258at2759	0	22	286
383503at2759	0	46	347
1264469at2759	0	22	144
1563319at2759	0	10	135
453044at2759	0	48	302
1038775at2759	0	21	197
271586at2759	0	107	403
1019762at2759	0	51	373
1382842at2759	0	8	123
1324510at2759	0	30	273
1251252at2759	0	6	80
671536at2759	0	44	357
1193442at2759	0	20	257
1222562at2759	0	8	119
1079827at2759	0	16	221
1455730at2759	0	36	357
1223488at2759	0	18	105
1488436at2759	0	3	62
1258856at2759	0	92	568
817008at2759	0	34	292
664730at2759	0	46	340
1355894at2759	0	11	138
1552706at2759	0	13	90
1434266at2759	0	19	134
1428265at2759	0	31	197
887370at2759	0	60	327
60366at2157	0	18	176
41305at2157	0	39	392
117241at2157	0	15	145
84684at2157	0	18	183
25871at2157	0	35	346
116879at2157	0	14	138
97230at2157	0	13	127
44076at2157	0	21	208
127293at2157	0	4	38
52427at2157	0	14	138
92795at2157	0	21	179
62508at2157	0	19	190
13010at2157	0	49	494
98657at2157	0	18	177
96138at2157	0	19	185
114285at2157	0	12	124
55024at2157	0	47	471
64860at2157	0	21	208
111803at2157	0	21	210
117225at2157	0	14	135
90096at2157	0	30	302
22545at2157	0	30	300
106603at2157	0	7	72
119723at2157	0	5	48
85293at2157	0	12	123
37299at2157	0	41	407
8922at2157	0	37	366
104254at2157	0	10	104
124429at2157	0	5	47
129447at2157	0	5	50
22842at2157	0	30	295
107993at2157	0	9	94
124973at2157	0	16	135
14889at2157	0	52	517
115808at2157	0	28	282
75288at2157	0	14	139
131584at2157	0	5	34
70525at2157	0	18	179
98187at2157	0	13	132
82853at2157	0	21	213
101957at2157	0	13	134
121171at2157	0	12	96
79845at2157	0	14	138
125162at2157	0	4	42
110798at2157	0	8	66
108145at2157	0	10	103
32079at2157	0	23	234
24257at2157	0	33	323
57545at2157	0	28	279
6736at2157	0	48	477
105165at2157	0	10	76
119044at2157	0	17	171
80629at2157	0	14	141
121548at2157	0	6	61
92409at2157	0	13	133
24288at2157	0	35	345
123463at2157	0	5	50
123503at2157	0	11	85
115384at2157	0	6	57
76134at2157	0	26	258
59062at2157	0	25	252
113971at2157	0	8	75
63341at2157	0	17	167
87520at2157	0	26	262
105851at2157	0	32	322
115947at2157	0	9	86
50844at2157	0	21	205
104702at2157	0	19	111
18705at2157	0	36	363
88531at2157	0	11	108
29893at2157	0	28	279
89321at2157	0	16	162
124805at2157	0	9	91
25592at2157	0	35	352
91297at2157	0	31	176
121943at2157	0	4	35
17629at2157	0	34	341
109335at2157	0	14	136
80498at2157	0	16	163
21317at2157	0	32	315
35648at2157	0	27	271
99734at2157	0	18	184
47919at2157	0	34	344
115425at2157	0	12	117
74812at2157	0	20	197
36028at2157	0	25	245
116732at2157	0	9	89
60954at2157	0	19	188
98221at2157	0	10	98
95578at2157	0	22	218
103467at2157	0	11	106
19750at2157	0	60	596
66811at2157	0	31	306
99236at2157	0	11	112
128227at2157	0	5	47
104636at2157	0	18	181
122290at2157	0	9	46
59861at2157	0	20	198
3905at2157	0	69	690
123859at2157	0	5	51
61613at2157	0	35	351
85279at2157	0	18	100
116294at2157	0	10	98
107015at2157	0	10	99
126193at2157	0	5	45
31722at2157	0	24	239
58340at2157	0	15	152
59314at2157	0	19	187
10236at2157	0	41	408
107212at2157	0	9	85
61936at2157	0	31	313
860at2157	0	54	535
130316at2157	0	12	69
80501at2157	0	17	172
41214at2157	0	28	281
112720at2157	0	8	84
82104at2157	0	13	130
123853at2157	0	4	37
76877at2157	0	20	201
48934at2157	0	13	129
105604at2157	0	17	167
14454at2157	0	33	331
60670at2157	0	18	182
105421at2157	0	20	86
91936at2157	0	12	116
84219at2157	0	12	115
7046at2157	0	42	422
73593at2157	0	24	244
128960at2157	0	10	66
108717at2157	0	17	165
91632at2157	0	12	118
79065at2157	0	13	131
7896at2157	0	43	433
94875at2157	0	33	333
56027at2157	0	29	285
106462at2157	0	12	121
98179at2157	0	12	121
22747at2157	0	40	400
1642at2157	0	62	622
66209at2157	0	25	252
23182at2157	0	28	278
13565at2157	0	44	442
54988at2157	0	22	220
51351at2157	0	25	249
125788at2157	0	17	93
70865at2157	0	23	226
94889at2157	0	15	149
129924at2157	0	3	26
23221at2157	0	32	324
130364at2157	0	4	32
112466at2157	0	10	95
58022at2157	0	36	359
17053at2157	0	47	474
85023at2157	0	17	166
90817at2157	0	18	177
90641at2157	0	20	204
69351at2157	0	56	556
104786at2157	0	11	112
13531at2157	0	33	326
124073at2157	0	11	60
70269at2157	0	19	189
46017at2157	0	35	353
32191at2157	0	35	346
91154at2157	0	12	116
32623at2157	0	36	361
39322at2157	0	40	399
102399at2157	0	12	118
105095at2157	0	10	100
65833at2157	0	22	223
35861at2157	0	55	546
93256at2157	0	13	128
87367at2157	0	9	94
83050at2157	0	14	141
99842at2157	0	12	123
30130at2157	0	25	250
129321at2157	0	9	65
102178at2157	0	14	97
58019at2157	0	29	285
90882at2157	0	18	176
14061at2157	0	45	452
31316at2157	0	26	260
8899at2157	0	41	412
114541at2157	0	11	90
6590at2157	0	39	391
43727at2157	0	26	260
93236at2157	0	16	158
102360at2157	0	22	223
89943at2157	0	18	184
124913at2157	0	8	82
78046at2157	0	17	165
37207at2157	0	119	397
82755at2157	0	33	327
7724at2157	0	35	349
72726at2157	0	19	194
